0 => 0
1 => 1

22 0 => 2

22 1 0 => 3
22 1 1 => 4
22 1 2 => 5

22 220 00 => 6
22 220 01 => 7
22 220 02 => 8
22 220 10 => 9
22 220 11 => 10
22 220 12 => 11
22 220 20 => 12
22 220 21 => 13
22 220 22 => 14

22 2210 000 => 15
22 2210 001 => 16
22 2210 002 => 17
22 2210 010 => 18
22 2210 011 => 19
22 2210 012 => 20
22 2210 020 => 21
22 2210 021 => 22
22 2210 022 => 23
22 2210 100 => 24
22 2210 101 => 25
22 2210 102 => 26
22 2210 110 => 27
22 2210 111 => 28
22 2210 112 => 29
22 2210 120 => 30
22 2210 121 => 31
22 2210 122 => 32
22 2210 200 => 33
22 2210 201 => 34
22 2210 202 => 35
22 2210 210 => 36
22 2210 211 => 37
22 2210 212 => 38
22 2210 220 => 39
22 2210 221 => 40
22 2210 222 => 41

22 2211 0000 => 42
22 2211 0001 => 43
22 2211 0002 => 44
22 2211 0010 => 45
22 2211 0011 => 46
...
22 2211 2222 => 120
22 2212 00000 => 121
...
22 2212 22222 => 850
22 2222000 000000 => 851
...