   20  21168 22022000002210000010
   21   9559 220220000102210000010
   22   2498 2202200001102201010010
   11   2625 12210000010
   12   2627 122110000010
   13   2634 1221200000010
   14   2992 12210000022000
   15  15168 122110000022000
   16  10220 1221001000220100
   16  10486 1221000100220010
   16  20430 1221200000022000
   17  15188 12211000002210000
   17  21574 12210010100220010
   18  20565 122120000002210000
   19  10086 1221200000022110000
   19  19145 1221001010022101000
   20  19991 12210010110221010011
   21  10544 122110100100221010010
   21  15253 122110100110221010011
   21  21603 122110010110221001011
   21  21832 122110100100221001010
   22  15164 1221101011002211011100
   22  21605 1221101010110221001011
   22  21619 1221101011110221001011
   17   2638 12222000000000010
   18   2641 122220010000000010
   19   2644 1222200200000000010
   20   2646 12222010000000000010
   20   3778 12222000000000022000
   21  20819 122220010000000022000
   21   2648 122220110000000000010
   22   2650 1222201200000000000010
   22   4522 1222200000000002210000
   22   4731 1222200200000000022000

2386	220 1 0 0 2222000 101010 101010 2222002 10101010 10101010 010


1 2210    0000     (1   0)
1 2210    0000     (220 0   0)
1 2210    0010     0   (220 0    1) 0
1 2210    0100     0   (220 1    0) 0
1 2210    0101     0   0   (220  0 1) 0
1 2210    0101     0   0   (2210 1 0 0) 0
1 2210    0101     1   0   (2210 1 0 0) (1 1)
1 2211    00000    (1   0)
1 2211    00000    (220  0    0)
1 2211    00000    (2210 0    0 0)
1 2211    00101    1   0    (2210 0 1 0) (1 1)
1 2211    01001    0   0    (2210 0 1 0) (1 0)
1 2211    01001    0   0    (2210 1 0 0) (1 0)
1 2211    01001    1   0    (2210 1 0 0) (1 1)
1 2211    01010    110      (2210 0 1 0) 1 1
1 2211    01011    00       (2211 0 1 1 1) 0 0
1 2211    01011    110      (2210 0 1 0) 1 1
1 2212    000000   (1    0)
1 2212    000000   (220  0 0)
1 2212    000000   (2210 0 0 0)
1 2212    000000   (2211 0 0 0 0)
1 2222000 0000000  (1 0)
1 2222000 0000000  (220 0 0)
1 2222000 0000000  (2210 0 0 0)
1 2222001 00000000 (1 0)
1 2222001 00000000 (220 0 0)
1 2222002 000000000 (1 0)
1 2222002 000000000 (220 0 0)
1 2222010 0000000000 (1 0)
1 2222011 00000000000 (1 0)
1 2222012 000000000000 (1 0)
220 2200000   2210 000 010
220 2200001 0 2210 000 010
220 2200001 1 0 (220 1 0) 10 010
